ZIJUN:654321:[-0.07552369683980942,0.05106455460190773,0.052868034690618515,-0.02301407791674137,-0.10911350697278976,-0.037718307226896286,-0.06601937860250473,-0.15824933350086212,0.13449248671531677,-0.08950848132371902,0.281769335269928,-0.029781844466924667,-0.23503723740577698,-0.10296773910522461,-0.05540371686220169,0.21875199675559998,-0.1792837232351303,-0.1504477709531784,-0.06440620869398117,-0.02118563838303089,0.022885702550411224,0.0005430816090665758,0.04798297584056854,0.03741772472858429,-0.11239886283874512,-0.38991492986679077,-0.07710191607475281,-0.10509295016527176,0.010831890627741814,-0.05504744127392769,-0.06713412702083588,0.09677362442016602,-0.17808955907821655,-0.04155418276786804,0.04547615349292755,0.05475347489118576,-0.018436959013342857,-0.06674397736787796,0.22018487751483917,-0.015010288916528225,-0.24184884130954742,-0.015280636958777905,-0.0022188525181263685,0.22487814724445343,0.18779894709587097,0.03610721230506897,0.05069516599178314,-0.10257817059755325,0.045403845608234406,-0.20303401350975037,0.01868318021297455,0.12900404632091522,0.06605333089828491,0.03662951663136482,-0.038988735526800156,-0.1514391005039215,-0.004770198836922646,0.06676875054836273,-0.14687319099903107,-0.03777053579688072,0.04958831146359444,-0.178075909614563,-0.05430616810917854,-0.07959505915641785,0.2774064838886261,0.07272415608167648,-0.14640742540359497,-0.1251598447561264,0.09047152101993561,-0.1297667771577835,-0.052352264523506165,0.02581842429935932,-0.17609913647174835,-0.1763148158788681,-0.3787168860435486,0.026216350495815277,0.41234052181243896,0.07745466381311417,-0.19821256399154663,0.04709289222955704,-0.03608148172497749,0.036237433552742004,0.11330251395702362,0.1692495197057724,-0.018504640087485313,0.0192665234208107,-0.07706884294748306,0.02293029986321926,0.16538938879966736,-0.10491210967302322,-0.053356386721134186,0.20913222432136536,-0.0706392377614975,0.11211740225553513,0.011030374094843864,0.06736049801111221,-0.01565433479845524,0.024764681234955788,-0.03681713715195656,0.05423184111714363,0.08616258203983307,0.037656020373106,0.05634899437427521,0.11242339015007019,-0.10702220350503922,0.051248133182525635,-0.04581829532980919,0.03853142634034157,0.0759873241186142,-0.03510715439915657,-0.07806739956140518,-0.1492452174425125,0.11857399344444275,-0.25670984387397766,0.19294962286949158,0.21342833340168,-0.0012830152409151196,0.14501121640205383,0.09688874334096909,0.06976050138473511,-0.04052383825182915,0.0032150372862815857,-0.21308428049087524,0.009250321425497532,0.14278708398342133,-0.018657367676496506,0.08843205869197845,-0.010887924581766129]

ZAKWAN:123456:[
    -0.10953053086996078,
    0.0531836599111557,
    0.06382152438163757,
    -0.04507692903280258,
    -0.06226413697004318,
    -0.10521876811981201,
    0.026712602004408836,
    -0.12737108767032623,
    0.11198291182518005,
    -0.1046796441078186,
    0.20876343548297882,
    -0.14471346139907837,
    -0.21242138743400574,
    -0.15156911313533783,
    -0.0370907224714756,
    0.19192974269390106,
    -0.19862128794193268,
    -0.12353222072124481,
    -0.08666209876537323,
    -0.005572713445872068,
    0.05187899246811867,
    -0.0503193698823452,
    0.011937584728002548,
    0.07039119303226471,
    -0.03587137907743454,
    -0.37157613039016724,
    -0.07774390280246735,
    -0.09161737561225891,
    -0.002256755018606782,
    -0.02233467623591423,
    -0.021381432190537453,
    0.030779529362916946,
    -0.22288718819618225,
    -0.0839788019657135,
    -0.022332776337862015,
    -0.0062480708584189415,
    -0.007610653061419725,
    -0.069099061191082,
    0.17112010717391968,
    -0.04790735989809036,
    -0.23889103531837463,
    -0.06752251088619232,
    0.07141130417585373,
    0.18551653623580933,
    0.1851385533809662,
    0.07403489202260971,
    -0.03438051417469978,
    -0.1394534707069397,
    0.08555423468351364,
    -0.21344764530658722,
    0.027036011219024658,
    0.10368233919143677,
    0.05251694098114967,
    0.04605748876929283,
    0.00720258429646492,
    -0.08897377550601959,
    0.03216265141963959,
    0.05429333820939064,
    -0.1943383812904358,
    -0.009088451974093914,
    0.057270459830760956,
    -0.08480492234230042,
    -0.09214820712804794,
    -0.0730961337685585,
    0.27005136013031006,
    0.13914424180984497,
    -0.12466505914926529,
    -0.1396680772304535,
    0.14620341360569,
    -0.17940671741962433,
    -0.05865217745304108,
    0.039168354123830795,
    -0.0614815391600132,
    -0.15680667757987976,
    -0.32901060581207275,
    0.004733072128146887,
    0.37068620324134827,
    0.0995221808552742,
    -0.21783266961574554,
    -0.018542982637882233,
    -0.09449795633554459,
    0.01648239605128765,
    0.20849183201789856,
    0.13944002985954285,
    -0.041023291647434235,
    0.010604091919958591,
    -0.07170365005731583,
    -0.009736291132867336,
    0.15339167416095734,
    -0.06574490666389465,
    -0.06806239485740662,
    0.22128847241401672,
    -0.030297163873910904,
    0.036960944533348083,
    0.014497784897685051,
    0.023918382823467255,
    -0.03751927241683006,
    0.06584163010120392,
    -0.15056005120277405,
    0.0032656285911798477,
    0.17034567892551422,
    0.036887962371110916,
    0.011833962984383106,
    0.08813844621181488,
    -0.10874276608228683,
    0.06038591265678406,
    0.018472328782081604,
    0.009841952472925186,
    0.07795259356498718,
    -0.07135501503944397,
    -0.12498421967029572,
    -0.08050501346588135,
    0.09153764694929123,
    -0.19639798998832703,
    0.21996666491031647,
    0.11731231957674026,
    0.00021186361846048385,
    0.11395316570997238,
    0.11179710924625397,
    0.07536312192678452,
    -0.003617773065343499,
    -0.08709588646888733,
    -0.1729625016450882,
    0.005601716693490744,
    0.18387120962142944,
    -0.007028119172900915,
    0.12178242951631546,
    -0.03804505988955498
]
